	Gini-importance	AUC	AUPRC	mcc
ML_support_pct_75	0.0	0.8475086940880202	0.9484255151485879	0.6984476628027948
feature_msa_entropy_min	0.0	0.5	0.8443188951663528	0.0
pars_bi_support_median	0.0	0.9342397169924451	0.982377613763477	0.6870913217762293
pars_bi_support_max	0.0	0.5659461566135028	0.8620207912452992	0.30197339459412126
ML_support_max	0.0	0.8475086940880202	0.9484255151485879	0.6984476628027948
ML_support_min	0.0	0.8475086940880202	0.9484255151485879	0.6984476628027948
ML_support_pct_25	0.0	0.8475086940880202	0.9484255151485879	0.6984476628027948
ML_support_var	0.0	0.5	0.8443188951663528	0.0
ML_support_median	0.0	0.8475086940880202	0.9484255151485879	0.6984476628027948
ML_bi_support_median	0.0	0.8475836431226766	0.9483830002991842	0.6918444668535472
pars_bi_support_pct_75	0.0	0.8206364672023023	0.9386591944616719	0.6424592055378155
pars_bi_support_min	0.0	0.8138820601990647	0.9408749986658141	0.0
ML_bi_support_pct_25	0.0	0.8201208178438663	0.938121053765759	0.693327674702769
pars_support_median	0.0	0.9195826837750329	0.9800833213005975	0.6083882959587481
ML_bi_support_min	0.0	0.8435723707878643	0.9459495051193569	0.70625600734536
feature_msa_entropy_median	0.0	0.6379541911500181	0.8950347604512205	0.02450338533788595
feature_msa_entropy_pct_25	0.0	0.5701567933805013	0.8644737865708945	0.0
ML_bi_support_max	0.0	0.5	0.8443188951663528	0.0
pars_bi_support_pct_25	1.49891996383667	0.8923387096774194	0.9646785290632904	0.6420406176989207
ML_bi_support_pct_75	4.80753093957901	0.7241875524643242	0.9077844782966418	0.5899593706270911
pars_support_max	26.62883712351322	0.5659326657872648	0.8620615049845866	0.2958623253250897
feature_msa_entropy_pct_75	35.12313616275787	0.6319342846864133	0.8954512062520432	0.07205128358014683
feature_msa_n_seq	50.93505276739597	0.6698000359755367	0.9096103475781421	0.0
pars_support_pct_25	54.12738314270973	0.9018602350401728	0.9740805930888227	0.5716504802648816
feature_msa_entropy_var	69.83167177438736	0.621086161410241	0.8874694226212825	0.0
ML_bi_support_var	99.88907989859581	0.8476720829835712	0.9483232016840835	0.70625600734536
pars_bi_support_var	105.26292522251606	0.7675500659551505	0.93523737690764	0.0792776496745974
pars_support_pct_75	113.3341960310936	0.8230303393692289	0.9409397108476506	0.6375359087614949
pars_support_min	131.84665510058403	0.8361449214534117	0.9619392151943214	0.316089591679563
feature_msa_entropy_mean	145.99895212054253	0.6379541911500181	0.8950347604512205	0.02450338533788595
feature_msa_n_loci	158.5142339617014	0.49970320182276057	0.855141977301574	0.0
feature_msa_n_unique_sites	204.0690510123968	0.6613322940400528	0.8907259899210341	0.0
partition_size	204.46314184367657	0.5909881280729105	0.8835330390983612	0.0
feature_msa_constant_sites_pct	204.60667702555656	0.6845485070152295	0.9131521098276796	0.06137938338840285
ML_support_mean	224.46574741601944	0.8475086940880202	0.9484255151485879	0.6984476628027948
feature_msa_pypythia_msa_difficulty	229.0448867380619	0.658389794939441	0.9024668605204448	0.0
feature_msa_entropy_max	240.44916608929634	0.6389195347163928	0.8941695698009628	0.0
ML_bi_support_mean	449.98037515580654	0.8475836431226766	0.9483830002991842	0.6918444668535472
divergence_ratio	511.2341512143612	0.6312777311428228	0.8864875441646427	0.2683540979682041
partition_size_ratio	511.3406727910042	0.5569462765319583	0.871142697118985	0.015388613608790793
pars_support_mean	589.6112144142389	0.9195826837750329	0.9800833213005975	0.6083882959587481
pars_support_var	623.2104325145483	0.8368524403405685	0.960936153504955	0.29541779889006536
partition_divergence	664.5068391114473	0.6464144381820361	0.8935050681676358	0.2088153726540839
partition_branch_vs_mean	1331.830202266574	0.9375014989806931	0.9867073851080326	0.7183127200302887
partition_branch	2124.105192363262	0.9346159611464202	0.9825996917356886	0.7200854425015604
pars_bi_support_mean	7495.537123680115	0.9342397169924451	0.982377613763477	0.6870913217762293
